13
11
26
39
10
13
12
12
10
12
33
10
13
23
10
54
11
13
25
11
23
12
24
12
43
22
10
13
19
14
12
19
12
23
11
12
25
13
12
11
28
37
14
38
11
13
62
10
13
14
10
11
13
13
37
11
13
12
57
11
12
25
13
15
12
12
11
13
10
12
10
30
15
10
12
14
12
11
8
37
11
10
10
13
65
14
12
12
11
13
12
12
13
11
10
13
13
26
12
13
12
10
9
11
13
11
13
12
10
10
14
13
11
10
11
12
14
15
12
8
12
8
8
9
9
13
12
10
9
11
11
9
10
13
10
13
11
12
15
11
11
10
10
13
10
11
13
11
31
34
55
9
14
12
12
12
11
36
12
13
28
13
11
12
13
13
13
13
15
9
10
11
12
13
10
11
11
11
10
12
38
11
12
11
11
12
10
10
11
12
11
11
9
10
12
13
12
12
18
10
12
14
11
10
14
12
12
12
11
13
13
11
10
8
8
10
9
11
8
11
10
11
15
11
12
9
9
12
13
10
11
12
11
10
10
9
12
12
10
12
10
10
12
10
8
12
9
11
12
10
9
11
12
11
10
10
10
10
11
13
10
11
9
11
13
11
12
11
8
13
12
11
33
11
11
12
8
8
10
10
13
12
12
9
27
12
11
12
29
10
11
23
10
12
12
11
11
22
13
45
9
10
10
12
13
11
14
12
11
11
12
11
13
12
12
13
13
13
12
9
13
11
11
8
10
10
10
13
10
12
11
11
12
12
12
13
12
11
33
12
9
12
10
11
10
11
8
12
16
13
9
11
76
12
13
12
13
13
11
12
13
11
12
8
12
9
11
10
12
15
11
12
57
9
10
10
11
11
12
10
11
9
34
8
12
12
11
9
8
27
14
10
12
11
10
13
13
10
12
20
12
10
14
14
11
26
11
9
10
14
12
15
9
10
11
10
10
11
11
12
11
11
10
13
9
9
10
11
11
10
11
11
12
8
10
10
10
40
10
11
12
24
9
9
10
10
25
11
11
12
11
10
11
15
11
12
11
10
13
33
10
13
14
12
11
10
8
10
12
12
11
12
10
10
14
11
12
12
10
13
13
11
12
12
12
9
10
10
10
12
29
10
11
10
14
15
22
10
9
11
10
10
11
12
18
13
13
12
8
14
13
13
11
12
10
11
13
12
11
12
11
11
13
10
13
12
10
9
10
11
12
11
13
12
11
12
12
14
12
11
14
8
12
11
12
13
11
13
10
8
9
9
8
10
9
11
10
11
14
9
11
13
10
11
10
10
11
14
13
12
12
12
14
12
11
12
11
10
10
13
11
9
11
9
10
13
12
12
19
12
12
11
12
12
11
10
11
11
13
13
15
24
11
13
9
13
12
12
12
12
10
8
10
9
10
11
13
11
13
9
13
14
12
10
13
11
11
11
9
11
